Airplane

independent: 199, 329, 329, 102, 355, 6, 329, 6, 329, 329, 329, 260, 6
MB: 58, 329, 329, 383, 265, 61, 163, 83, 329, 329, 329, 329, 61
EqFM: 155, 218, 277, 315, 295, 216, 71, 352, 277, 108, 399, 223, 216
Ours: 17, 110, 107, 273, 25, 346, 198, 103, 100, 246, 361, 386, 346



Car

independent: 358, 162, 329, 225, 325, 209, 179, 293, 162, 316, 396, 362
MB: 363, 376, 197, 69, 150, 208, 161, 50, 70, 74, 103, 122, 285
EqFM: 7, 12, 393, 58, 27, 153, 69, 7, 70, 279
Ours: 58, 71, 48, 46, 176, 138, 126, 114, 298



Chair

independent: 192, 191, 215, 120, 15, 134, 287, 286, 54, 377, 294, 347, 226
MB: 297, 213, 111, 307, 392, 254, 372, 371, 19, 245
EqFM: 12, 0, 20, 121, 238, 279
Ours: 335, 299, 262, 221, 201, 166, 266, 342, 97, 93, 83, 82, 326, 325, 289, 250, 194, 230, 12, 121, 172, 23, 46